10010001101000101011001111000
00000000000000000000011111111
00000000000000000000001111000

00000000000000000000000010010
00000000000000000000011111111
00000000000000000000000010010

00000000000100100011010001010110
00000000000000001111111100000000
00000000000000000011010000000000


00000000001101000101011001111000
00000000111111110000000000000000
00000000001101000000000000000000

01111000000000000000000000000000
11111111000000000000000000000000
01111000000000000000000000000000

00000000000000000000000000010010
00000000000000000011010000000000

00000000000000000011010000010010

00000000001101000000000000000000
00000000000000000011010000010010
01111000001101000011010000010010

01111000000000000000000000000000

00010010001101000101011001111000
00000000000000000000000011111111

01111000

1000 1110
0111 1000