111  77
112  77
113  77
114  77
115  77
116  77
117  77
118  77
119  77
120  77
121  77
122  77
123  77
124  77
125  77
105  78
106  78
107  78
108  78
109  78
110  78
126  78
127  78
128  78
129  78
101  79
102  79
103  79
104  79
130  79
131  79
 98  80
 99  80
100  80
114  80
115  80
116  80
117  80
118  80
119  80
120  80
121  80
132  80
133  80
134  80
 95  81
 96  81
 97  81
107  81
108  81
109  81
110  81
111  81
112  81
113  81
122  81
123  81
124  81
125  81
126  81
135  81
 93  82
 94  82
103  82
104  82
105  82
106  82
127  82
128  82
129  82
130  82
136  82
137  82
 91  83
 92  83
 99  83
100  83
101  83
102  83
131  83
132  83
138  83
139  83
 90  84
 97  84
 98  84
133  84
134  84
140  84
141  84
 89  85
 95  85
 96  85
135  85
136  85
142  85
 87  86
 88  86
 93  86
 94  86
137  86
138  86
143  86
144  86
 86  87
 92  87
139  87
145  87
 85  88
 90  88
 91  88
140  88
141  88
146  88
 84  89
 89  89
142  89
147  89
148  89
 83  90
 88  90
143  90
149  90
 82  91
 87  91
144  91
145  91
150  91
 81  92
 86  92
146  92
151  92
152  92
 81  93
 85  93
147  93
148  93
153  93
 80  94
 84  94
149  94
154  94
 79  95
 83  95
150  95
155  95
 79  96
 83  96
 85  96
151  96
156  96
 78  97
 82  97
 84  97
152  97
157  97
 77  98
 81  98
 84  98
153  98
154  98
158  98
 77  99
 81  99
 84  99
155  99
159  99
 76 100
 80 100
 83 100
156 100
160 100
 76 101
 79 101
 83 101
157 101
161 101
 75 102
 79 102
 82 102
158 102
162 102
 75 103
 78 103
 82 103
159 103
163 103
 74 104
 78 104
 82 104
117 104
159 104
163 104
 74 105
 77 105
 81 105
160 105
164 105
 73 106
 77 106
 81 106
161 106
165 106
 73 107
 77 107
 81 107
161 107
165 107
 73 108
 76 108
 80 108
162 108
166 108
 72 109
 76 109
 80 109
163 109
166 109
 72 110
 80 110
163 110
167 110
 72 111
 80 111
164 111
167 111
 72 112
 79 112
164 112
167 112
 72 113
 79 113
157 113
159 113
164 113
168 113
 71 114
 79 114
159 114
165 114
168 114
 71 115
 79 115
165 115
168 115
 71 116
 79 116
165 116
169 116
 71 117
 79 117
165 117
169 117
 71 118
 79 118
166 118
169 118
 71 119
 78 119
166 119
169 119
 65 120
 71 120
 79 120
166 120
169 120
 65 121
 71 121
 78 121
166 121
169 121
 71 122
 74 122
 78 122
166 122
169 122
 71 123
 74 123
 78 123
152 123
166 123
170 123
 71 124
 74 124
 78 124
151 124
153 124
166 124
170 124
 71 125
 74 125
 78 125
152 125
166 125
170 125
 71 126
 74 126
 78 126
149 126
166 126
170 126
 71 127
 74 127
 78 127
166 127
170 127
 71 128
 74 128
 78 128
166 128
169 128
 71 129
 74 129
 78 129
166 129
169 129
 71 130
 74 130
 78 130
166 130
169 130
 71 131
 74 131
 78 131
166 131
169 131
 72 132
 74 132
 78 132
166 132
169 132
 72 133
 74 133
 78 133
165 133
169 133
 72 134
 74 134
 78 134
165 134
169 134
 72 135
 75 135
 78 135
165 135
169 135
 72 136
 75 136
 78 136
165 136
168 136
 72 137
 75 137
 78 137
165 137
168 137
 72 138
 75 138
 79 138
111 138
165 138
168 138
 73 139
 76 139
 79 139
164 139
168 139
 73 140
 76 140
 79 140
164 140
168 140
 73 141
 76 141
 79 141
164 141
167 141
 73 142
 76 142
 79 142
164 142
167 142
 73 143
 76 143
 79 143
164 143
167 143
 74 144
 77 144
 79 144
163 144
167 144
 74 145
 77 145
 79 145
163 145
166 145
 74 146
 77 146
 79 146
163 146
166 146
 74 147
 79 147
163 147
166 147
 75 148
 79 148
162 148
165 148
 75 149
 79 149
162 149
165 149
 75 150
 79 150
162 150
165 150
 76 151
 79 151
161 151
165 151
 76 152
 80 152
161 152
164 152
 76 153
 80 153
143 153
145 153
161 153
164 153
 77 154
 80 154
160 154
164 154
 77 155
 81 155
160 155
163 155
 78 156
 81 156
159 156
163 156
 78 157
 82 157
159 157
162 157
 79 158
 82 158
158 158
162 158
 79 159
 83 159
158 159
161 159
 80 160
 83 160
157 160
161 160
 80 161
 84 161
157 161
160 161
 81 162
 85 162
156 162
159 162
 82 163
 86 163
155 163
159 163
 83 164
 87 164
154 164
158 164
 84 165
 88 165
154 165
157 165
 84 166
 89 166
153 166
157 166
 85 167
 86 167
 90 167
 91 167
152 167
156 167
 87 168
 92 168
151 168
155 168
 88 169
 93 169
150 169
154 169
 89 170
 90 170
 94 170
 95 170
149 170
153 170
 91 171
 96 171
 97 171
147 171
148 171
152 171
163 171
 92 172
 93 172
 98 172
 99 172
145 172
146 172
151 172
 94 173
100 173
101 173
143 173
144 173
149 173
150 173
 95 174
 96 174
102 174
103 174
141 174
142 174
148 174
 97 175
 98 175
104 175
105 175
106 175
138 175
139 175
140 175
146 175
147 175
 99 176
100 176
101 176
107 176
108 176
109 176
110 176
134 176
135 176
136 176
137 176
144 176
145 176
 96 177
 97 177
102 177
103 177
111 177
112 177
113 177
114 177
130 177
131 177
132 177
133 177
141 177
142 177
143 177
 99 178
104 178
105 178
106 178
115 178
116 178
117 178
118 178
119 178
120 178
121 178
122 178
123 178
124 178
125 178
126 178
127 178
128 178
129 178
138 178
139 178
140 178
101 179
102 179
107 179
108 179
109 179
110 179
134 179
135 179
136 179
137 179
103 180
104 180
111 180
112 180
113 180
114 180
115 180
130 180
131 180
132 180
133 180
105 181
106 181
107 181
116 181
117 181
118 181
119 181
120 181
121 181
122 181
123 181
124 181
125 181
126 181
127 181
128 181
129 181
108 182
109 182
110 182
111 183
112 183
113 183
114 183
115 183
116 183
117 183
123 183
124 183
125 183
126 183
127 183
128 183
118 184
119 184
120 184
121 184
122 184
