335 145
336 145
337 145
338 145
339 145
340 145
341 145
342 145
343 145
325 146
326 146
327 146
328 146
329 146
330 146
331 146
332 146
333 146
334 146
344 146
250 147
315 147
316 147
317 147
318 147
319 147
320 147
321 147
322 147
323 147
324 147
344 147
305 148
306 148
307 148
308 148
309 148
310 148
311 148
312 148
313 148
314 148
344 148
294 149
295 149
296 149
297 149
298 149
299 149
300 149
301 149
302 149
303 149
304 149
344 149
284 150
285 150
286 150
287 150
288 150
289 150
290 150
291 150
292 150
293 150
344 150
270 151
273 151
274 151
275 151
276 151
277 151
278 151
279 151
280 151
281 151
282 151
283 151
344 151
260 152
261 152
262 152
263 152
264 152
265 152
266 152
267 152
268 152
269 152
271 152
272 152
344 152
248 153
249 153
250 153
251 153
252 153
253 153
254 153
255 153
256 153
257 153
258 153
259 153
344 153
236 154
237 154
238 154
239 154
240 154
241 154
242 154
243 154
244 154
245 154
246 154
247 154
344 154
224 155
225 155
226 155
227 155
228 155
229 155
230 155
231 155
232 155
233 155
234 155
235 155
344 155
210 156
211 156
212 156
213 156
214 156
215 156
216 156
217 156
218 156
219 156
220 156
221 156
222 156
223 156
344 156
197 157
198 157
199 157
200 157
201 157
202 157
203 157
204 157
205 157
206 157
207 157
208 157
209 157
345 157
195 158
196 158
345 158
194 159
345 159
194 160
345 160
194 161
345 161
194 162
345 162
194 163
345 163
194 164
345 164
194 165
345 165
194 166
345 166
194 167
345 167
194 168
346 168
194 169
346 169
194 170
346 170
194 171
346 171
194 172
346 172
195 173
346 173
195 174
346 174
195 175
346 175
195 176
346 176
195 177
346 177
195 178
346 178
195 179
346 179
195 180
347 180
195 181
347 181
195 182
347 182
195 183
347 183
195 184
347 184
195 185
347 185
196 186
347 186
196 187
347 187
196 188
347 188
196 189
347 189
196 190
347 190
196 191
348 191
196 192
348 192
196 193
348 193
196 194
348 194
196 195
348 195
196 196
348 196
197 197
348 197
197 198
348 198
197 199
348 199
197 200
348 200
197 201
348 201
197 202
348 202
197 203
349 203
197 204
349 204
197 205
349 205
197 206
349 206
197 207
349 207
197 208
349 208
197 209
349 209
197 210
349 210
198 211
349 211
198 212
349 212
198 213
350 213
198 214
350 214
198 215
350 215
198 216
350 216
198 217
350 217
198 218
350 218
198 219
350 219
198 220
350 220
198 221
350 221
198 222
350 222
198 223
350 223
198 224
350 224
199 225
351 225
199 226
351 226
199 227
351 227
199 228
351 228
199 229
351 229
199 230
351 230
199 231
351 231
199 232
351 232
199 233
351 233
199 234
351 234
199 235
352 235
199 236
352 236
199 237
352 237
200 238
352 238
200 239
352 239
200 240
352 240
200 241
352 241
200 242
352 242
200 243
352 243
200 244
352 244
200 245
352 245
200 246
353 246
200 247
353 247
200 248
353 248
201 249
353 249
201 250
353 250
201 251
353 251
201 252
353 252
201 253
353 253
201 254
353 254
201 255
353 255
201 256
353 256
201 257
353 257
201 258
353 258
201 259
342 259
343 259
344 259
345 259
346 259
347 259
348 259
349 259
350 259
351 259
352 259
201 260
330 260
331 260
332 260
333 260
334 260
335 260
336 260
337 260
338 260
339 260
340 260
341 260
201 261
317 261
318 261
319 261
320 261
321 261
322 261
323 261
324 261
325 261
326 261
327 261
328 261
329 261
201 262
304 262
305 262
306 262
307 262
308 262
309 262
310 262
311 262
312 262
313 262
314 262
315 262
316 262
202 263
292 263
293 263
294 263
295 263
296 263
297 263
298 263
299 263
300 263
301 263
302 263
303 263
202 264
279 264
280 264
281 264
282 264
283 264
284 264
285 264
286 264
287 264
288 264
289 264
290 264
291 264
202 265
266 265
267 265
268 265
269 265
270 265
271 265
272 265
273 265
274 265
275 265
276 265
277 265
278 265
202 266
254 266
255 266
256 266
257 266
258 266
259 266
260 266
261 266
262 266
263 266
264 266
265 266
202 267
241 267
242 267
243 267
244 267
245 267
246 267
247 267
248 267
249 267
250 267
251 267
252 267
253 267
202 268
229 268
230 268
231 268
232 268
233 268
234 268
235 268
236 268
237 268
238 268
239 268
240 268
309 268
311 268
202 269
214 269
215 269
216 269
217 269
218 269
219 269
220 269
221 269
222 269
223 269
224 269
225 269
226 269
227 269
228 269
203 270
204 270
205 270
206 270
207 270
208 270
209 270
210 270
211 270
212 270
213 270
310 270
