449 188
451 188
440 189
460 189
435 190
465 190
432 191
468 191
430 192
470 192
428 193
472 193
426 194
474 194
424 195
476 195
422 196
478 196
419 198
481 198
408 209
492 209
406 212
494 212
405 214
495 214
404 216
496 216
403 218
497 218
402 220
498 220
401 222
499 222
400 225
500 225
399 230
501 230
398 239
502 239
398 241
502 241
399 250
501 250
400 255
500 255
401 258
499 258
402 260
498 260
403 262
497 262
404 264
496 264
405 266
495 266
406 268
494 268
408 271
492 271
419 282
481 282
422 284
478 284
424 285
476 285
426 286
474 286
428 287
472 287
430 288
470 288
432 289
468 289
435 290
465 290
440 291
460 291
449 292
451 292
