427 124
428 124
429 124
430 124
424 125
425 125
426 125
423 126
420 127
421 127
422 127
418 128
419 128
417 129
415 130
416 130
413 131
414 131
411 132
412 132
480 132
409 133
410 133
479 133
407 134
408 134
480 134
406 135
404 136
405 136
403 137
402 138
445 138
400 139
401 139
446 139
399 140
446 140
398 141
447 141
397 142
448 142
396 143
449 143
450 144
448 145
450 145
449 146
451 146
395 147
449 147
452 147
395 148
450 148
452 148
396 149
451 149
453 149
396 150
454 150
396 151
452 151
454 151
453 152
455 152
454 153
456 153
454 154
456 154
455 155
457 155
456 156
458 156
458 157
457 158
459 158
460 159
399 160
460 160
399 161
461 161
400 162
462 162
400 163
401 164
463 164
401 165
464 165
402 166
402 167
402 168
418 168
403 169
403 170
405 170
474 170
404 171
406 171
404 172
406 172
405 173
407 173
405 174
407 174
406 175
406 176
408 176
476 176
406 177
407 178
409 178
407 179
408 180
410 180
468 180
469 180
408 181
465 181
466 181
467 181
409 182
411 182
463 182
464 182
410 183
460 183
461 183
462 183
466 183
467 183
410 184
458 184
459 184
464 184
465 184
468 184
410 185
455 185
456 185
457 185
463 185
466 185
467 185
411 186
453 186
454 186
459 186
460 186
461 186
462 186
465 186
411 187
451 187
452 187
456 187
457 187
463 187
464 187
412 188
449 188
450 188
454 188
455 188
462 188
413 189
447 189
448 189
452 189
453 189
413 190
445 190
446 190
450 190
451 190
461 190
414 191
444 191
447 191
448 191
449 191
461 191
414 192
442 192
443 192
446 192
461 192
441 193
444 193
446 193
449 193
462 193
439 194
440 194
443 194
447 194
449 194
463 194
437 195
438 195
441 195
442 195
447 195
450 195
463 195
436 196
439 196
440 196
448 196
450 196
464 196
434 197
435 197
438 197
448 197
451 197
459 197
464 197
433 198
437 198
449 198
451 198
460 198
465 198
432 199
435 199
449 199
452 199
460 199
465 199
430 200
431 200
434 200
450 200
453 200
420 201
429 201
434 201
451 201
453 201
465 201
421 202
427 202
428 202
431 202
432 202
433 202
451 202
454 202
465 202
421 203
426 203
430 203
434 203
435 203
436 203
452 203
454 203
462 203
463 203
464 203
422 204
424 204
425 204
428 204
429 204
432 204
433 204
434 204
436 204
452 204
455 204
460 204
461 204
422 205
430 205
431 205
437 205
455 205
458 205
459 205
437 206
454 206
455 206
456 206
457 206
438 207
438 208
452 208
453 208
439 209
451 209
456 209
439 210
441 210
449 210
450 210
440 211
441 211
443 211
448 211
442 212
443 212
446 212
447 212
467 212
440 213
444 213
445 213
444 216
445 216
446 216
470 226
