249 338
251 338
239 339
261 339
234 340
266 340
231 341
269 341
228 342
272 342
226 343
274 343
223 344
277 344
221 345
218 347
216 348
213 350
200 363
198 366
197 368
195 371
194 373
193 376
192 378
191 381
190 384
189 389
188 399
188 401
189 411
190 416
191 419
192 422
193 424
307 424
194 427
306 427
195 429
305 429
197 432
303 432
198 434
302 434
200 437
300 437
213 450
287 450
216 452
284 452
218 453
282 453
221 455
279 455
223 456
277 456
226 457
274 457
228 458
272 458
231 459
269 459
234 460
266 460
239 461
261 461
249 462
251 462
