 99  48
101  48
 90  49
110  49
 85  50
115  50
 82  51
118  51
 80  52
120  52
 78  53
122  53
 76  54
124  54
 74  55
126  55
 72  56
128  56
 69  58
131  58
 58  69
142  69
 56  72
144  72
 55  74
145  74
 54  76
146  76
 53  78
147  78
 52  80
148  80
 51  82
149  82
 50  85
150  85
 49  90
151  90
 48  99
152  99
 48 101
152 101
 49 110
151 110
 50 115
150 115
 51 118
149 118
 52 120
148 120
 53 122
147 122
 54 124
146 124
 55 126
145 126
 56 128
144 128
 58 131
142 131
 69 142
131 142
 72 144
128 144
 74 145
126 145
 76 146
124 146
 78 147
122 147
 80 148
120 148
 82 149
118 149
 85 150
115 150
 90 151
110 151
 99 152
101 152
