299  78
301  78
291  79
309  79
287  80
313  80
284  81
316  81
282  82
318  82
280  83
320  83
278  84
322  84
275  86
325  86
266  95
334  95
264  98
336  98
263 100
337 100
262 102
338 102
261 104
339 104
260 107
340 107
259 111
341 111
258 119
342 119
258 121
342 121
259 129
341 129
260 133
340 133
261 136
339 136
262 138
338 138
263 140
337 140
264 142
336 142
266 145
334 145
275 154
325 154
278 156
322 156
280 157
320 157
282 158
318 158
284 159
316 159
287 160
313 160
291 161
309 161
299 162
301 162
