329 313
331 313
319 314
341 314
315 315
345 315
312 316
348 316
309 317
351 317
307 318
353 318
305 319
355 319
303 320
357 320
301 321
359 321
299 322
361 322
296 324
364 324
284 336
376 336
282 339
378 339
281 341
379 341
280 343
380 343
381 345
382 347
383 349
384 352
385 355
386 359
387 369
387 371
386 381
385 385
384 388
383 391
382 393
381 395
380 397
379 399
378 401
376 404
364 416
361 418
359 419
357 420
355 421
353 422
309 423
351 423
312 424
348 424
315 425
345 425
319 426
341 426
329 427
331 427
