348  43
350  44
314  45
315  45
316  45
317  45
318  45
319  45
320  45
321  45
322  45
323  45
324  45
325  45
326  45
327  45
328  45
329  45
330  45
310  46
311  46
312  46
313  46
331  46
332  46
333  46
334  46
335  46
308  47
309  47
336  47
337  47
306  48
307  48
314  48
315  48
316  48
317  48
318  48
319  48
320  48
321  48
322  48
323  48
324  48
325  48
326  48
327  48
328  48
338  48
339  48
340  48
304  49
305  49
310  49
311  49
312  49
313  49
329  49
330  49
331  49
332  49
333  49
341  49
342  49
302  50
303  50
308  50
309  50
334  50
335  50
336  50
343  50
301  51
306  51
307  51
337  51
338  51
344  51
345  51
299  52
300  52
304  52
305  52
339  52
340  52
346  52
298  53
303  53
341  53
342  53
347  53
297  54
301  54
302  54
343  54
348  54
295  55
296  55
300  55
344  55
345  55
349  55
294  56
299  56
346  56
350  56
293  57
297  57
298  57
347  57
351  57
292  58
296  58
347  58
351  58
291  59
295  59
348  59
352  59
290  60
294  60
349  60
353  60
289  61
293  61
350  61
354  61
288  62
292  62
350  62
354  62
287  63
291  63
351  63
355  63
286  64
290  64
352  64
355  64
285  65
289  65
352  65
356  65
284  66
288  66
353  66
357  66
284  67
287  67
354  67
357  67
283  68
286  68
354  68
358  68
282  69
286  69
355  69
358  69
282  70
285  70
355  70
359  70
281  71
284  71
356  71
360  71
280  72
284  72
357  72
360  72
280  73
283  73
357  73
361  73
279  74
282  74
358  74
361  74
279  75
282  75
358  75
362  75
278  76
281  76
359  76
362  76
278  77
281  77
359  77
362  77
278  78
281  78
360  78
363  78
277  79
280  79
360  79
363  79
277  80
280  80
360  80
363  80
277  81
280  81
360  81
363  81
277  82
280  82
361  82
364  82
276  83
279  83
361  83
364  83
276  84
279  84
337  84
361  84
364  84
276  85
279  85
339  85
361  85
364  85
276  86
279  86
337  86
361  86
364  86
276  87
279  87
361  87
364  87
276  88
279  88
361  88
364  88
276  89
279  89
360  89
363  89
276  90
279  90
360  90
363  90
276  91
280  91
360  91
363  91
277  92
280  92
359  92
362  92
277  93
280  93
359  93
362  93
277  94
280  94
358  94
361  94
277  95
281  95
357  95
361  95
278  96
281  96
357  96
360  96
278  97
281  97
356  97
359  97
279  98
282  98
355  98
359  98
279  99
282  99
354  99
358  99
280 100
283 100
353 100
357 100
280 101
284 101
352 101
356 101
281 102
284 102
351 102
355 102
281 103
285 103
350 103
354 103
282 104
286 104
349 104
353 104
283 105
287 105
348 105
352 105
284 106
288 106
346 106
347 106
351 106
284 107
289 107
345 107
350 107
285 108
290 108
344 108
349 108
286 109
287 109
291 109
292 109
304 109
342 109
343 109
347 109
348 109
288 110
293 110
341 110
346 110
289 111
294 111
339 111
340 111
345 111
290 112
295 112
296 112
337 112
338 112
343 112
344 112
291 113
292 113
297 113
298 113
335 113
336 113
341 113
342 113
293 114
294 114
299 114
300 114
333 114
334 114
340 114
295 115
301 115
302 115
303 115
330 115
331 115
332 115
338 115
339 115
296 116
297 116
304 116
305 116
306 116
327 116
328 116
329 116
336 116
337 116
298 117
299 117
300 117
307 117
308 117
309 117
310 117
311 117
312 117
313 117
314 117
321 117
322 117
323 117
324 117
325 117
326 117
333 117
334 117
335 117
301 118
302 118
303 118
315 118
316 118
317 118
318 118
319 118
320 118
330 118
331 118
332 118
304 119
305 119
306 119
307 119
327 119
328 119
329 119
308 120
309 120
310 120
311 120
312 120
313 120
314 120
315 120
316 120
317 120
318 120
319 120
320 120
321 120
322 120
323 120
324 120
325 120
326 120
